	GUT_GENOME011239	GUT_GENOME011714	GUT_GENOME012603	GUT_GENOME014311	GUT_GENOME018608	GUT_GENOME018729	GUT_GENOME029117	GUT_GENOME066320	GUT_GENOME067559	GUT_GENOME091220	GUT_GENOME092268	GUT_GENOME092376	GUT_GENOME093513	GUT_GENOME094058	GUT_GENOME103665	GUT_GENOME104028	GUT_GENOME104378	GUT_GENOME109037	GUT_GENOME120881	GUT_GENOME130816	GUT_GENOME132204	GUT_GENOME132205	GUT_GENOME132206	GUT_GENOME137479	GUT_GENOME143185	GUT_GENOME163069	GUT_GENOME186606	GUT_GENOME235276	GUT_GENOME236870	GUT_GENOME239080	GUT_GENOME251364	GUT_GENOME258505	GUT_GENOME263468	GUT_GENOME264147	GUT_GENOME268176	GUT_GENOME270563	GUT_GENOME272533	GUT_GENOME273277	GUT_GENOME280023	GUT_GENOME283178	GUT_GENOME283326	GUT_GENOME284192	GUT_GENOME285252	GUT_GENOME287004	P15MS_consensus	P15_MpT1_consensus	P20_consensus	P31_consensus	P32_consensus	P45_consensus	P46_consensus	P48_consensus	P51_consensus	P61_consensus	P66_consensus	P82MpT1_sans_C_consensus	P82_consensus	P86_BT_consensus	P86_sans_C_consensus	P88_consensus	P89_consensus	VRP32_MS_Bt_consensus	VRP86_MS_Bt_consensus	VRP86_MS_sans_C_consensus
GUT_GENOME011239	0	0.013618222563791	0.013379745751553	0.2167623333731	0.015173714576871	0.014851554031838	0.217789535140198	0.072889634770826	0.0742169328202149	0.013291576876741	0.0777885177980041	0.075359869494071	0.010656477516049	0.075227682826015	0.0752899943026419	0.0741782022476301	0.0750087089605429	0.073921489598157	0.013160900132779	0.016568591393585	0.209415945842703	0.016826169139087	0.9	0.016369000999368	0.0779357035817431	0.0162468909675719	0.074989333364703	0.010822610257211	0.216602718806977	0.078149218051737	0.0766770185779519	0.075131234187177	0.209497795086078	0.21601104407682	0.012590571245364	0.0171647986763431	0.0757207710881239	0.9	0.9	0.9	0.014425695814393	0.071533578069314	0.071912230788249	0.248240332506908	0.012548177115427	0.013459359397669	0.012468504407487	0.015563298364093	0.014091071947097	0.074309764961104	0.074837025683039	0.01296664702497	0.0764220183787001	0.0144025111412969	0.03460800172135	0.078703691786924	0.07885761411605	0.078428819153347	0.015123124444637	0.0141659438657349	0.0786321561161461	0.014161849842736	0.077675989504537	0.014978692589129
GUT_GENOME011714	0.013618222563791	0	0.01451941839754	0.218727400443846	0.017171763580869	0.017188683090699	0.217150652322476	0.0734517758803899	0.073013593625015	0.0171077628732959	0.077433742949587	0.076327462341512	0.013913883557948	0.0749847041663691	0.0751850842498131	0.074287373711084	0.074736557758723	0.073899980844553	0.016309224710747	0.020090727386263	0.20860941401714	0.0200668813538501	0.9	0.020938518046992	0.078661806784994	0.0134988799478459	0.076156560040646	0.012060864464152	0.213221792184495	0.076859326225071	0.0769360565384601	0.0750031803327739	0.210364235185102	0.219488815109677	0.0157728982248869	0.019013374788334	0.0744304146692051	0.9	0.9	0.9	0.016921498392302	0.0721080109011319	0.07272389058111	0.250396783792707	0.015238130151002	0.016191813986037	0.0154212885956019	0.0190189522045461	0.016429531797402	0.074992893748818	0.075408158984085	0.016091888385151	0.075931985650037	0.017753196969521	0.0373757627542371	0.0789009472992301	0.079518251436907	0.077933843926244	0.018284753718397	0.0175580779295321	0.078549391433359	0.0167756634473911	0.077902298702739	0.0188183336738931
GUT_GENOME012603	0.013379745751553	0.01451941839754	0	0.218130134296086	0.015233518967694	0.012103279565256	0.218000247613981	0.073109765302587	0.072298063214938	0.016407085530188	0.077254280770093	0.075077443072113	0.01334007497098	0.074927171629724	0.074160137421659	0.0731957705458331	0.07431775640732	0.072376932160096	0.0162149926315669	0.01876839731666	0.209245221568447	0.0197124895966751	0.9	0.018312978080554	0.078336506213992	0.018199726492677	0.074784421616861	0.012060390489119	0.215180802062554	0.077096832155441	0.076335498673394	0.07466525015556	0.210101035638604	0.217162968474599	0.014161890800945	0.014983661386362	0.074423367445336	0.9	0.9	0.9	0.016448376959042	0.0705960072977329	0.0709874457402	0.249355928770321	0.014882896033928	0.016081079235806	0.014928436732832	0.01804686537617	0.01647254359241	0.0738469497089341	0.074722995000474	0.0153284097785171	0.075354751223429	0.01776967495325	0.0360323502826741	0.07837078533162	0.078352823424827	0.0773347706830781	0.017309821108946	0.016736922022025	0.0783388859166659	0.017187383907049	0.0780451466772421	0.0181891380696879
GUT_GENOME014311	0.2167623333731	0.218727400443846	0.218130134296086	0	0.215655518053841	0.218906482550707	0.010675352016914	0.217645348503716	0.215543480526868	0.214746808933884	0.216268718876879	0.213278567375782	0.216257943220831	0.214418358358454	0.212858850601476	0.216854027540723	0.217807997039196	0.215331381023534	0.218762605966303	0.216566046365188	0.221539588670889	0.214310617396959	0.9	0.214549517769871	0.218344406867945	0.21252608130597	0.218022997308715	0.2162721259174	0.227575062682359	0.215299271153149	0.215464148913572	0.214500040867728	0.207136323385041	0.020992119967933	0.216900776960157	0.214654997331548	0.217862707991464	0.9	0.9	0.9	0.21562938339934	0.215620600158395	0.216828483526445	0.252551602879139	0.21626040109899	0.221053905740986	0.218648621968338	0.214984595701947	0.21699203912592	0.217338910642798	0.218042426288176	0.216521291713945	0.219646915801014	0.215778620526875	0.22071896214949	0.216274573341166	0.217307765213135	0.215610363026931	0.217335826364797	0.216545392831834	0.21634527823665	0.214423097142771	0.215856041164085	0.216625078297182
GUT_GENOME018608	0.015173714576871	0.017171763580869	0.015233518967694	0.215655518053841	0	0.015935133478048	0.2147961194724	0.073374842558931	0.07213390992793	0.0157374305319171	0.0759519124151601	0.074261390002235	0.013977906207142	0.0747188481278999	0.074015207582277	0.072775680405974	0.073733180076847	0.0725014498478551	0.012082978222456	0.0188267258971339	0.210160900977751	0.0167566537657279	0.9	0.017768900740094	0.0772433476740891	0.021128385442402	0.073498994422668	0.014306481880015	0.214065734833546	0.075788180249116	0.077035471692124	0.0742999404574771	0.208536054897146	0.216661400687088	0.015141446233652	0.018442070465366	0.073467702353183	0.9	0.9	0.9	0.0120764804059399	0.070954405614262	0.071281037946694	0.24943499645953	0.015883170833042	0.0169720955604269	0.015323301696457	0.017251850502752	0.0131052015378501	0.0737915351794651	0.074698116125915	0.015237855918658	0.076290772851499	0.013121216505876	0.0367024882342351	0.077099169708862	0.0784491786830721	0.076640910569233	0.017486641267927	0.013260510050207	0.076062795338221	0.012205189208929	0.07617978628362	0.0177016511930761
GUT_GENOME018729	0.014851554031838	0.017188683090699	0.012103279565256	0.218906482550707	0.015935133478048	0	0.21480218819505	0.0732673391465209	0.07288556563762	0.018017514757619	0.0768796653023939	0.074605516403752	0.0154968375313901	0.075471870267734	0.074499918450164	0.0743431070966651	0.07346780315909	0.07338606061731	0.0172769490271899	0.020787337716822	0.210841173877741	0.0205089990129321	0.251501716308583	0.0193190436690119	0.0772126155831521	0.020303729755385	0.074299275854637	0.0132981879557779	0.219127640816696	0.075670605073333	0.076344102811241	0.075101395547623	0.211484766362076	0.215056436679764	0.0145475963525681	0.0138486041687911	0.075367136613592	0.9	0.9	0.9	0.016509859381821	0.070727545047812	0.071449901154768	0.240417985790208	0.015979224395917	0.017046555663476	0.015808292589093	0.0189460149159559	0.018176479201171	0.074142514147529	0.07530479500856	0.016063039008951	0.074995023785189	0.018246904333056	0.036732628350465	0.076469137764236	0.0781188258435149	0.076676963465659	0.018451470435198	0.0178960778374341	0.077413480414571	0.01806931985015	0.076933714322509	0.018383882612724
GUT_GENOME029117	0.217789535140198	0.217150652322476	0.218000247613981	0.010675352016914	0.2147961194724	0.21480218819505	0	0.215463033945304	0.215588860971906	0.214884805350184	0.216771150217086	0.214095890689631	0.215070420857707	0.213662594956051	0.213619499686092	0.21808092711353	0.217491102755767	0.214881519193327	0.217989099137994	0.214932584331726	0.220779701231899	0.212928085903193	0.249136411089201	0.213938901835898	0.213450901262061	0.211154771318966	0.217392151000275	0.216582142238859	0.226773630726647	0.215301865414472	0.214142050529437	0.21478591307245	0.206575980026623	0.022752205930268	0.215217428436313	0.214296775316089	0.21609716998285	0.9	0.9	0.9	0.215603005147661	0.2157959705541	0.215809300243722	0.244244093879286	0.214468112211544	0.216268256030128	0.212304676106804	0.213277415259238	0.212167179655951	0.213593821088762	0.215771152502827	0.212340888163492	0.214655379214216	0.21502648172707	0.215743585290064	0.212538936032857	0.210992905239017	0.212335607786252	0.211007842792804	0.213121230788845	0.212405753392878	0.211963315926961	0.213370540737036	0.213912654099408
GUT_GENOME066320	0.072889634770826	0.0734517758803899	0.073109765302587	0.217645348503716	0.073374842558931	0.0732673391465209	0.215463033945304	0	0.012976837611742	0.069238404756281	0.010633801984503	0.01283617181354	0.073210225884709	0.012193340150247	0.011639531864938	0.011437014756853	0.010914464916757	0.0119565587240049	0.073834382467798	0.0653836675105519	0.207589943989472	0.0651692414000701	0.275557272391024	0.065871305722646	0.012870839117417	0.074446812072582	0.014644425346778	0.074415188415955	0.216055919615352	0.013221307003958	0.0122467972081991	0.011319950032206	0.206846056193234	0.215279887133366	0.0724247321515109	0.069028499077084	0.010345763224158	0.9	0.9	0.9	0.07403100718283	0.015029934086628	0.012436809059368	0.25162067915555	0.072668277224505	0.0745076221996381	0.072324261399516	0.067046357898344	0.072101273110452	0.012814858546548	0.0131334607928549	0.073438240994352	0.015959549092595	0.0745306323955521	0.020020315251504	0.014907499127698	0.015037447841065	0.013785060343945	0.069235374368477	0.073246843195064	0.013781464438291	0.072651015749874	0.0134582231697691	0.067417661890488
GUT_GENOME067559	0.0742169328202149	0.073013593625015	0.072298063214938	0.215543480526868	0.07213390992793	0.07288556563762	0.215588860971906	0.012976837611742	0	0.069180253096215	0.012039569247713	0.012667265771514	0.072153634194263	0.012078969318154	0.010806667614187	0.0112394349427809	0.011552940724782	0.011156066320783	0.0709344339341381	0.063348189986738	0.208341434661891	0.066401651414016	0.27606286973669	0.065330888541951	0.0115730897757869	0.074073097553169	0.011949549398723	0.07345394601007	0.214632743809459	0.011851970071436	0.0111563476672509	0.011925130923245	0.20616006513625	0.215604039213821	0.0725533834029601	0.069481642760239	0.01471630852777	0.9	0.9	0.9	0.0723699255251189	0.0124302588346561	0.014365534243249	0.253060251993091	0.073028635721796	0.0742293066214479	0.072235012785042	0.0679545354486621	0.071360309962719	0.014680059215265	0.015095884130174	0.073398231570096	0.0165118140715759	0.073674931047146	0.0183383476272949	0.0112771557793199	0.01348657220882	0.011609060881556	0.0690207610044649	0.073258893870216	0.011416766850239	0.071455961339114	0.010989850849281	0.0684797329999169
GUT_GENOME091220	0.013291576876741	0.0171077628732959	0.016407085530188	0.214746808933884	0.0157374305319171	0.018017514757619	0.214884805350184	0.069238404756281	0.069180253096215	0	0.072596639320043	0.0705807953085839	0.010938146811597	0.070448116877355	0.0711109080830811	0.0693822576017359	0.07212569984361	0.070167900647248	0.0134816242375371	0.0137375858956599	0.210089286195829	0.0121271266412219	0.9	0.014798277119134	0.0746919617361129	0.019797622000156	0.0709417540871701	0.0145680588994659	0.21745043770603	0.0731370323341871	0.072157726665306	0.069576541026929	0.209688966694277	0.216075400500362	0.0144245280553601	0.0188503037830149	0.071320387675481	0.9	0.9	0.9	0.015207280597278	0.067720874885481	0.0668442564639121	0.247743650382815	0.00940568917369504	0.011174458915356	0.00860373109713095	0.00845548108241502	0.013951609141092	0.0701646049500739	0.070739378033974	0.00970110424739801	0.0702110398046359	0.014332397683453	0.029838899005382	0.073326534598941	0.0735060529233169	0.071710280468309	0.0105092216680301	0.0152631605616349	0.072037445242576	0.0147069008434789	0.071144932104213	0.00795051824230796
GUT_GENOME092268	0.0777885177980041	0.077433742949587	0.077254280770093	0.216268718876879	0.0759519124151601	0.0768796653023939	0.216771150217086	0.010633801984503	0.012039569247713	0.072596639320043	0	0.011729089222903	0.077369233505476	0.01099018871802	0.010033966018477	0.0112013216497439	0.010504850575218	0.0106804684791589	0.077075590644524	0.0686450609901981	0.209518630227158	0.068870734424717	0.274447279897924	0.069341153443833	0.00966827122049096	0.078151709395604	0.012584330555121	0.077325917401903	0.214388946374059	0.011202942016518	0.01118899399898	0.0108050004011579	0.209357006931535	0.216664842874264	0.0775115668069751	0.072324362373912	0.0116792378127469	0.9	0.9	0.9	0.0772842262631779	0.0133053092064409	0.012864892843758	0.251316386895786	0.077510749236769	0.078423753986754	0.076816300708863	0.0709300077473701	0.077048451690585	0.0122970161943989	0.012398163622664	0.0779316254964711	0.0150206310047849	0.07731360529329	0.0199155818844319	0.0124311209203169	0.0135903357624321	0.012103315028216	0.072009661531866	0.07680967640782	0.012463713498492	0.077589973432481	0.012442954800006	0.07027947342581
GUT_GENOME092376	0.075359869494071	0.076327462341512	0.075077443072113	0.213278567375782	0.074261390002235	0.074605516403752	0.214095890689631	0.01283617181354	0.012667265771514	0.0705807953085839	0.011729089222903	0	0.0761614149965671	0.012087752297449	0.0106163442715891	0.012465685068951	0.0108524567549961	0.011571374985478	0.074007806368323	0.0677714387576189	0.208457008081043	0.068030274281998	0.278232617588031	0.0685084216491509	0.011818075510113	0.077301580788363	0.012331687573858	0.0760800671592099	0.216748912387104	0.011414951895464	0.010179839831397	0.0126408589731631	0.208579906782695	0.214839578303655	0.075477163482422	0.0715383834713791	0.012173641873672	0.9	0.9	0.9	0.074485559917852	0.016124326402859	0.013709635759799	0.249913003131887	0.075057660793406	0.076956156707796	0.074920255697303	0.0709308355194589	0.0742461270226811	0.013033569933506	0.013112694038561	0.075880192273644	0.0158514067569089	0.074826991125792	0.0176918173918421	0.013348118035637	0.0125151929313169	0.0101963445904531	0.072947679511629	0.075320930216002	0.010313759502944	0.074311960983399	0.0103500462839401	0.070210603574498
GUT_GENOME093513	0.010656477516049	0.013913883557948	0.01334007497098	0.216257943220831	0.013977906207142	0.0154968375313901	0.215070420857707	0.073210225884709	0.072153634194263	0.010938146811597	0.077369233505476	0.0761614149965671	0	0.0747340928495601	0.074334838208385	0.073393571921076	0.072834145416268	0.072860860759624	0.011015336004844	0.016194051249844	0.209271935749688	0.014001377494338	0.9	0.0155628265567989	0.079031920997337	0.017190868296579	0.075390328000685	0.011391595072524	0.216616365068777	0.076554715495049	0.077660548851017	0.0750149501635209	0.210552364712405	0.213720459098981	0.01204217791529	0.018639400622514	0.0737987840746359	0.9	0.9	0.9	0.013567304933792	0.0706675808479309	0.071841516885145	0.248814324635533	0.010619787612456	0.011667850608508	0.010831784448055	0.01382837197974	0.0121714605182611	0.074764555148398	0.075092831062649	0.011161903328248	0.07444502340826	0.0112494344779449	0.0339321619052581	0.0783370526659741	0.076726973123085	0.078365735777149	0.012642756200844	0.0113752947929019	0.078694373372908	0.01125907499071	0.078166613000314	0.01326895178131
GUT_GENOME094058	0.075227682826015	0.0749847041663691	0.074927171629724	0.214418358358454	0.0747188481278999	0.075471870267734	0.213662594956051	0.012193340150247	0.012078969318154	0.070448116877355	0.01099018871802	0.012087752297449	0.0747340928495601	0	0.012255192774653	0.011748287563675	0.011789356286076	0.011068794086423	0.075176201302568	0.066065544288787	0.209232074457309	0.06814533121319	0.277981672659784	0.067021776689722	0.0111515572799451	0.07741315862531	0.0127070653074141	0.0754507072282409	0.216011465108325	0.011869500353592	0.011677578550165	0.011530952866902	0.208258745716277	0.215660094301122	0.07391378740216	0.071063276701331	0.0115462427874741	0.9	0.9	0.9	0.075792003900627	0.014105082141766	0.014179696842497	0.251946923353382	0.075408773091907	0.0765839049878841	0.074637155102556	0.069858733474117	0.075436271719105	0.013543080545451	0.013395656889012	0.075572303326702	0.015876777319385	0.075569081035249	0.01905021946061	0.012729597989576	0.014348955153404	0.011861812389371	0.07173557636208	0.075532884158458	0.0119718252815569	0.075579959927702	0.0120258908174461	0.069275408980739
GUT_GENOME103665	0.0752899943026419	0.0751850842498131	0.074160137421659	0.212858850601476	0.074015207582277	0.074499918450164	0.213619499686092	0.011639531864938	0.010806667614187	0.0711109080830811	0.010033966018477	0.0106163442715891	0.074334838208385	0.012255192774653	0	0.010715066986151	0.0106762752515	0.0106971955143609	0.074776360329205	0.06665554507876	0.205093332919084	0.068286108096311	0.268798366115962	0.066991415512183	0.010800538613625	0.07494696302215	0.011044622200785	0.0747317117216851	0.212989232387634	0.010056433998689	0.010211364066641	0.013072362659547	0.207805913364628	0.213731181548432	0.0742602767696459	0.070031236369138	0.011463499056795	0.9	0.9	0.9	0.07454138381901	0.0147442516440761	0.0124523239055721	0.247611856882243	0.075236112799797	0.076291443093147	0.074196979021162	0.07126565652249	0.0740090579932161	0.011975947805757	0.012383078073439	0.075888674779896	0.0158272298494531	0.0747481500859131	0.018565207238985	0.0106931385538989	0.012481261664192	0.010225487138337	0.0715533752148581	0.074732610950641	0.010492600783256	0.074080899197413	0.0105642860796981	0.070517294644248
GUT_GENOME104028	0.0741782022476301	0.074287373711084	0.0731957705458331	0.216854027540723	0.072775680405974	0.0743431070966651	0.21808092711353	0.011437014756853	0.0112394349427809	0.0693822576017359	0.0112013216497439	0.012465685068951	0.073393571921076	0.011748287563675	0.010715066986151	0	0.010995734776513	0.012437320045678	0.073767466484008	0.066566516396277	0.209235304858901	0.066989078806639	0.274229727729802	0.068165539184109	0.0108409472101491	0.074904183369578	0.0116274012112279	0.073919718022498	0.214591397583032	0.0120583178410131	0.012470225199544	0.0110444006237969	0.208365065477949	0.219000059687172	0.073351599888687	0.071306697601979	0.010790256585086	0.9	0.9	0.9	0.073867782356273	0.0154449652356109	0.0129954170628309	0.251302803099088	0.073998302641136	0.074975209491338	0.0738715928400261	0.0698106510886311	0.072741539710624	0.0126399081334721	0.012808993588514	0.074351584480042	0.015280895329941	0.0739853971730631	0.0181824797309839	0.012368463443773	0.0153717144834479	0.011011506651824	0.071285172555942	0.073975956937125	0.011800001149161	0.0729669062310241	0.011406257511601	0.069289706352054
GUT_GENOME104378	0.0750087089605429	0.074736557758723	0.07431775640732	0.217807997039196	0.073733180076847	0.07346780315909	0.217491102755767	0.010914464916757	0.011552940724782	0.07212569984361	0.010504850575218	0.0108524567549961	0.072834145416268	0.011789356286076	0.0106762752515	0.010995734776513	0	0.01136683903414	0.074144967857269	0.067631873806486	0.208197823752744	0.068524851329304	0.278482555760068	0.069148360859044	0.011845541286565	0.075261175274307	0.0122681428600259	0.074159910936185	0.216062956600168	0.0118100734145079	0.011092911620544	0.010615665858613	0.2092910882986	0.218726977180172	0.0740097905411559	0.069821398667579	0.0126607632206751	0.9	0.9	0.9	0.074197921136029	0.014728951764701	0.0136018044233499	0.251318956121183	0.074145972632174	0.074738427573875	0.0743379810159151	0.070457390699773	0.073347064306287	0.013222735603175	0.012592931529291	0.0749455870948189	0.0156512355252239	0.075303872247934	0.018290604227885	0.012071573638206	0.0149923217899691	0.010199196465289	0.0711086631707551	0.075999142255921	0.010816837910651	0.0726785091830359	0.011298028812906	0.070545614899208
GUT_GENOME109037	0.073921489598157	0.073899980844553	0.072376932160096	0.215331381023534	0.0725014498478551	0.07338606061731	0.214881519193327	0.0119565587240049	0.011156066320783	0.070167900647248	0.0106804684791589	0.011571374985478	0.072860860759624	0.011068794086423	0.0106971955143609	0.012437320045678	0.01136683903414	0	0.073163019506691	0.067555440222803	0.209621792988276	0.068552579236259	0.27558424367311	0.068350897926821	0.0105637500333241	0.075159083296448	0.011783157785807	0.073322988960519	0.214144933742302	0.012319224223114	0.010144636108887	0.01192545174638	0.207687276635917	0.217620631720606	0.0727882998222741	0.071002631722518	0.01401749437546	0.9	0.9	0.9	0.073404662716766	0.0138343736034049	0.014813038989152	0.249041779084698	0.073857531797446	0.0740268365915129	0.0724699544600639	0.070241981512046	0.0725028961427449	0.012430570428201	0.013300008441323	0.073702463266968	0.0172413286792541	0.07421289658113	0.0175892249743301	0.011312220705923	0.012909304265694	0.010439944958441	0.0709525384581021	0.073921901130401	0.0104804396537899	0.072467109038253	0.0101548825043631	0.069910313357242
GUT_GENOME120881	0.013160900132779	0.016309224710747	0.0162149926315669	0.218762605966303	0.012082978222456	0.0172769490271899	0.217989099137994	0.073834382467798	0.0709344339341381	0.0134816242375371	0.077075590644524	0.074007806368323	0.011015336004844	0.075176201302568	0.074776360329205	0.073767466484008	0.074144967857269	0.073163019506691	0	0.0158675724308971	0.209820899879339	0.014152797070838	0.9	0.016048857814863	0.0788558983777411	0.019461901307925	0.0749614201472291	0.0143093120570509	0.215425911145007	0.076747777787273	0.077168839318221	0.074862842859219	0.210905754926776	0.216742578562136	0.0144284867584361	0.020835002778329	0.07359621917376	0.9	0.9	0.9	0.010326135852289	0.0704642082063199	0.071104663300097	0.248511145265437	0.013710703311823	0.015200191328462	0.013387374919309	0.016016511126774	0.010282436609417	0.075450945872292	0.075294095660694	0.013412580783455	0.075023163720204	0.00993928880214199	0.035566825484639	0.076832141610289	0.077462784305019	0.076836236492889	0.016322680649585	0.010225409470134	0.0779553627583191	0.00996259559227198	0.078191402057721	0.0173018181601741
GUT_GENOME130816	0.016568591393585	0.020090727386263	0.01876839731666	0.216566046365188	0.0188267258971339	0.020787337716822	0.214932584331726	0.0653836675105519	0.063348189986738	0.0137375858956599	0.0686450609901981	0.0677714387576189	0.016194051249844	0.066065544288787	0.06665554507876	0.066566516396277	0.067631873806486	0.067555440222803	0.0158675724308971	0	0.210866751406897	0.0138245353875929	0.274199464668329	0.011047237990619	0.0705322095362369	0.0230075934506939	0.067253274530414	0.0176075966719679	0.214769911443109	0.070120071415587	0.067643986673459	0.065316350066462	0.210692294789618	0.214751793130918	0.0181368842720551	0.0204155860345161	0.067484291367951	0.9	0.9	0.9	0.0177579716401679	0.065943432081465	0.0645993985374091	0.248980626280787	0.017164673385668	0.018660845409041	0.0161282673146211	0.014333312832949	0.017477410324764	0.0666728228198519	0.0666539608309159	0.017679757478119	0.067270962081526	0.019018991278524	0.033072345677261	0.0680706920096419	0.067863526236507	0.0682554311924039	0.015642675575096	0.017839165695277	0.069289537767834	0.017261277474703	0.0686237406003259	0.014076438524008
GUT_GENOME132204	0.209415945842703	0.20860941401714	0.209245221568447	0.221539588670889	0.210160900977751	0.210841173877741	0.220779701231899	0.207589943989472	0.208341434661891	0.210089286195829	0.209518630227158	0.208457008081043	0.209271935749688	0.209232074457309	0.205093332919084	0.209235304858901	0.208197823752744	0.209621792988276	0.209820899879339	0.210866751406897	0	0.20845902257799	0.258807811490215	0.211092146994496	0.206727323802737	0.20611158668679	0.207570781700669	0.210839236367716	0.209532202930546	0.209514422003489	0.208060446920685	0.208930062251093	0.21793659227551	0.217979835388895	0.211453949916348	0.208296627605394	0.20792123451641	0.9	0.9	0.9	0.208072831475444	0.209591416758858	0.211655183244261	0.239925979487169	0.207728075195885	0.209440596753902	0.209043899617598	0.208452802070316	0.208878808872288	0.207358612146818	0.208733846902916	0.209511381593061	0.208166165383451	0.206954141317578	0.20964128877219	0.207095682897787	0.20639692242397	0.207100442164848	0.209048426734771	0.210602448861449	0.208932678423576	0.208881652103775	0.20746883025947	0.206990244864434
GUT_GENOME132205	0.016826169139087	0.0200668813538501	0.0197124895966751	0.214310617396959	0.0167566537657279	0.0205089990129321	0.212928085903193	0.0651692414000701	0.066401651414016	0.0121271266412219	0.068870734424717	0.068030274281998	0.014001377494338	0.06814533121319	0.068286108096311	0.066989078806639	0.068524851329304	0.068552579236259	0.014152797070838	0.0138245353875929	0.20845902257799	0	0.249959197960102	0.0135081018010619	0.069555612722682	0.021843559747313	0.069244864852873	0.018088914053466	0.217006509631543	0.070160184761308	0.0695839564063429	0.066352631423612	0.209511362961035	0.213286280668254	0.017948762568554	0.021274668592694	0.068054217075213	0.9	0.9	0.9	0.0166159315143879	0.066015323004209	0.066074507639325	0.236958631480217	0.0162239923566921	0.017951684164358	0.01588321550583	0.013407187385605	0.0140764770647429	0.067051078466682	0.067327552987557	0.0168897553915809	0.066328261643048	0.014548257507812	0.032644699645265	0.068709794508936	0.069104321781078	0.070134475303211	0.014047990037231	0.014113069139005	0.069810999724055	0.0148497249144729	0.069962907902736	0.013020357408098
GUT_GENOME132206	0.9	0.9	0.9	0.9	0.9	0.251501716308583	0.249136411089201	0.275557272391024	0.27606286973669	0.9	0.274447279897924	0.278232617588031	0.9	0.277981672659784	0.268798366115962	0.274229727729802	0.278482555760068	0.27558424367311	0.9	0.274199464668329	0.258807811490215	0.249959197960102	0	0.9	0.258388545071201	0.9	0.27867895001394	0.9	0.270289602907629	0.278126647089828	0.9	0.278663460423117	0.269689474277518	0.245716232787048	0.9	0.9	0.278984087481941	0.210477288339417	0.213542360034488	0.199788325008707	0.9	0.276501065569483	0.278654142035793	0.247336627131423	0.248346856004412	0.250319684491358	0.251316552604106	0.243292853764957	0.247416951451286	0.246455387065525	0.254301568672939	0.248283529485246	0.245029157132162	0.243304684781348	0.258504699464622	0.258504293845422	0.9	0.245437947795523	0.248656448367859	0.252420797699768	0.246178100968647	0.239680674721516	0.25735896841047	0.242989883943125
GUT_GENOME137479	0.016369000999368	0.020938518046992	0.018312978080554	0.214549517769871	0.017768900740094	0.0193190436690119	0.213938901835898	0.065871305722646	0.065330888541951	0.014798277119134	0.069341153443833	0.0685084216491509	0.0155628265567989	0.067021776689722	0.066991415512183	0.068165539184109	0.069148360859044	0.068350897926821	0.016048857814863	0.011047237990619	0.211092146994496	0.0135081018010619	0.9	0	0.0713541959833179	0.0227052033919	0.070955950259215	0.0167932859831301	0.215433556451337	0.0706748220581299	0.0697656444408049	0.067939261584614	0.208554986501722	0.214896417188101	0.016054424718797	0.019253325930711	0.068334061562729	0.9	0.9	0.9	0.017210124992561	0.066524056773298	0.066628463889305	0.248147167692062	0.016902882200164	0.017568173760431	0.017849766737058	0.014451834302255	0.016696476051734	0.067212150362584	0.06770418056731	0.017378673523131	0.0683275611000759	0.017688747982392	0.034769813792217	0.071411002613396	0.070049538160338	0.071441275580155	0.0159923343046221	0.0176707937830361	0.072091590781683	0.017996033783557	0.0710429612717429	0.014235664480376
GUT_GENOME143185	0.0779357035817431	0.078661806784994	0.078336506213992	0.218344406867945	0.0772433476740891	0.0772126155831521	0.213450901262061	0.012870839117417	0.0115730897757869	0.0746919617361129	0.00966827122049096	0.011818075510113	0.079031920997337	0.0111515572799451	0.010800538613625	0.0108409472101491	0.011845541286565	0.0105637500333241	0.0788558983777411	0.0705322095362369	0.206727323802737	0.069555612722682	0.258388545071201	0.0713541959833179	0	0.07929762131869	0.011374699723619	0.078123614963278	0.216568939739367	0.0109229360803811	0.010121506876519	0.012523721612784	0.20774250202594	0.212843717560016	0.0774833247365881	0.0746865534255871	0.011087984508039	0.9	0.9	0.9	0.0785167794226351	0.014793198981675	0.01216431344453	0.242576123457903	0.077571992203073	0.0795294125440461	0.078119655911279	0.072222462040003	0.0759837452597991	0.010936530435804	0.011412660812521	0.0785485078669289	0.0133029991656851	0.078632471532818	0.019953183186615	0.01211038303762	0.0124200217905469	0.0115373332194091	0.0748951914012289	0.0768749639084049	0.011095726591041	0.077203963415336	0.0115427584625461	0.0730323787114671
GUT_GENOME163069	0.0162468909675719	0.0134988799478459	0.018199726492677	0.21252608130597	0.021128385442402	0.020303729755385	0.211154771318966	0.074446812072582	0.074073097553169	0.019797622000156	0.078151709395604	0.077301580788363	0.017190868296579	0.07741315862531	0.07494696302215	0.074904183369578	0.075261175274307	0.075159083296448	0.019461901307925	0.0230075934506939	0.20611158668679	0.021843559747313	0.9	0.0227052033919	0.07929762131869	0	0.0762043805859641	0.0168124438619689	0.211859490690253	0.0774550645424701	0.077696101376723	0.075640404342369	0.205255781801347	0.21270980114281	0.018562246044857	0.022062341682693	0.075530823195197	0.9	0.9	0.9	0.0196080177536059	0.071330774345648	0.0725058181756251	0.247248014254732	0.018910706456261	0.019873443982539	0.0178111923541189	0.021148692452301	0.0197872577317101	0.076464302957208	0.07700095533769	0.018853607139956	0.077282782344452	0.020396625964683	0.0386529676421	0.079851003653707	0.080276131453232	0.078043219199168	0.0205633371603091	0.0195623899184839	0.078276107483052	0.019773010537608	0.0784629324260371	0.020828742280307
GUT_GENOME186606	0.074989333364703	0.076156560040646	0.074784421616861	0.218022997308715	0.073498994422668	0.074299275854637	0.217392151000275	0.014644425346778	0.011949549398723	0.0709417540871701	0.012584330555121	0.012331687573858	0.075390328000685	0.0127070653074141	0.011044622200785	0.0116274012112279	0.0122681428600259	0.011783157785807	0.0749614201472291	0.067253274530414	0.207570781700669	0.069244864852873	0.27867895001394	0.070955950259215	0.011374699723619	0.0762043805859641	0	0.07508215114151	0.21578006338046	0.011419751401873	0.010702699782402	0.011995723233232	0.207052466659145	0.217143568085005	0.0753094526274	0.07196847021914	0.0125628703788919	0.9	0.9	0.9	0.074586148112287	0.0148980199673591	0.011268913694999	0.254089009552413	0.074042735381545	0.0760552847441031	0.075260874326629	0.07210758690714	0.074052317072419	0.012889991124201	0.012956539589597	0.074792413379793	0.0150868174276729	0.074798134592309	0.018765884578914	0.01192896901865	0.01227203942445	0.011031783792767	0.072540741981569	0.075842942626232	0.0111009348839831	0.0738577537474239	0.010871691973212	0.070673880666109
GUT_GENOME235276	0.010822610257211	0.012060864464152	0.012060390489119	0.2162721259174	0.014306481880015	0.0132981879557779	0.216582142238859	0.074415188415955	0.07345394601007	0.0145680588994659	0.077325917401903	0.0760800671592099	0.011391595072524	0.0754507072282409	0.0747317117216851	0.073919718022498	0.074159910936185	0.073322988960519	0.0143093120570509	0.0176075966719679	0.210839236367716	0.018088914053466	0.9	0.0167932859831301	0.078123614963278	0.0168124438619689	0.07508215114151	0	0.216430977299786	0.0767746406264391	0.0772379457295401	0.0754761759120019	0.209504549026344	0.213921418938356	0.0127649037274909	0.01689788805086	0.075253920653678	0.9	0.9	0.9	0.014768072097818	0.070148357880589	0.071236370005351	0.248991843479264	0.013163528131916	0.0144615721729571	0.012960683249952	0.0164694319956431	0.014519120053353	0.074703955457607	0.0754152096438069	0.013555120470849	0.0753422629607	0.015843098250397	0.0354897907345369	0.077082152971866	0.079300699686415	0.078307670503516	0.01507823752199	0.01449841615148	0.078571487006501	0.015177104602072	0.077828207172907	0.015721970151276
GUT_GENOME236870	0.216602718806977	0.213221792184495	0.215180802062554	0.227575062682359	0.214065734833546	0.219127640816696	0.226773630726647	0.216055919615352	0.214632743809459	0.21745043770603	0.214388946374059	0.216748912387104	0.216616365068777	0.216011465108325	0.212989232387634	0.214591397583032	0.216062956600168	0.214144933742302	0.215425911145007	0.214769911443109	0.209532202930546	0.217006509631543	0.270289602907629	0.215433556451337	0.216568939739367	0.211859490690253	0.21578006338046	0.216430977299786	0	0.215091750349242	0.216149895685139	0.215914736917955	0.216535125464414	0.228428965446133	0.214445488625309	0.216324601976357	0.214657712397262	0.9	0.9	0.9	0.216154083578232	0.215915314197283	0.217765987236773	0.264858178994445	0.215468440543548	0.217814984664377	0.215892186759781	0.217253339257145	0.215344815624915	0.214652580089632	0.216973078188515	0.216943971429668	0.217796677002555	0.215580494975824	0.218498973817964	0.216819716712421	0.216003519718166	0.215971746229257	0.214986418593196	0.216070199980264	0.217231903949618	0.2147527337039	0.214993602981222	0.215623018471243
GUT_GENOME239080	0.078149218051737	0.076859326225071	0.077096832155441	0.215299271153149	0.075788180249116	0.075670605073333	0.215301865414472	0.013221307003958	0.011851970071436	0.0731370323341871	0.011202942016518	0.011414951895464	0.076554715495049	0.011869500353592	0.010056433998689	0.0120583178410131	0.0118100734145079	0.012319224223114	0.076747777787273	0.070120071415587	0.209514422003489	0.070160184761308	0.278126647089828	0.0706748220581299	0.0109229360803811	0.0774550645424701	0.011419751401873	0.0767746406264391	0.215091750349242	0	0.0110010933223469	0.012665894205367	0.20795883205641	0.216490986565448	0.076927638981013	0.071696252841286	0.011757471802632	0.9	0.9	0.9	0.0771150173980649	0.0151297010398891	0.013494098958204	0.252352684079744	0.078559267530531	0.078764750933145	0.0775403655327589	0.072762130217032	0.075892867547648	0.013024426890166	0.01321005985315	0.077175142141669	0.0148530955441269	0.077202076024803	0.019827644736104	0.011694807483443	0.0128290564458391	0.0106575076896971	0.073749569054267	0.0782654185333359	0.0110786397260151	0.076603027650882	0.010814779926842	0.07247243944053
GUT_GENOME251364	0.0766770185779519	0.0769360565384601	0.076335498673394	0.215464148913572	0.077035471692124	0.076344102811241	0.214142050529437	0.0122467972081991	0.0111563476672509	0.072157726665306	0.01118899399898	0.010179839831397	0.077660548851017	0.011677578550165	0.010211364066641	0.012470225199544	0.011092911620544	0.010144636108887	0.077168839318221	0.067643986673459	0.208060446920685	0.0695839564063429	0.9	0.0697656444408049	0.010121506876519	0.077696101376723	0.010702699782402	0.0772379457295401	0.216149895685139	0.0110010933223469	0	0.012988201731665	0.208263262150718	0.216119185010545	0.07718761635977	0.072354685866507	0.012497625977978	0.9	0.9	0.9	0.0764251029754441	0.013968424066405	0.013345747023796	0.253567118392248	0.0769032176910621	0.07738815741308	0.076886014781568	0.072907196957978	0.076566629604804	0.0125479260360331	0.013151008815815	0.077309411546252	0.0158573154500699	0.077296808557459	0.016294659942298	0.0113090188643289	0.0119513116882641	0.00833151108203893	0.07407398748517	0.077105196887417	0.00860633700264799	0.0767265265879	0.00824492787866205	0.071198249091951
GUT_GENOME258505	0.075131234187177	0.0750031803327739	0.07466525015556	0.214500040867728	0.0742999404574771	0.075101395547623	0.21478591307245	0.011319950032206	0.011925130923245	0.069576541026929	0.0108050004011579	0.0126408589731631	0.0750149501635209	0.011530952866902	0.013072362659547	0.0110444006237969	0.010615665858613	0.01192545174638	0.074862842859219	0.065316350066462	0.208930062251093	0.066352631423612	0.278663460423117	0.067939261584614	0.012523721612784	0.075640404342369	0.011995723233232	0.0754761759120019	0.215914736917955	0.012665894205367	0.012988201731665	0	0.209286494656292	0.214636105258801	0.07441805981448	0.07052651874611	0.0124792771118121	0.9	0.9	0.9	0.0750915740142619	0.0146049603699819	0.013715785610495	0.252526853972528	0.075568986512849	0.07664425521228	0.074558576524595	0.069243292836862	0.0737958076285131	0.0136363444323869	0.0140904387712941	0.074603819736333	0.017030702837784	0.07510504820991	0.020228419297304	0.013280537871903	0.0147601709306321	0.013334344535298	0.071084628733288	0.07570081631403	0.013489516426438	0.073750198750994	0.0132617934415759	0.068569985381238
GUT_GENOME263468	0.209497795086078	0.210364235185102	0.210101035638604	0.207136323385041	0.208536054897146	0.211484766362076	0.206575980026623	0.206846056193234	0.20616006513625	0.209688966694277	0.209357006931535	0.208579906782695	0.210552364712405	0.208258745716277	0.207805913364628	0.208365065477949	0.2092910882986	0.207687276635917	0.210905754926776	0.210692294789618	0.21793659227551	0.209511362961035	0.269689474277518	0.208554986501722	0.20774250202594	0.205255781801347	0.207052466659145	0.209504549026344	0.216535125464414	0.20795883205641	0.208263262150718	0.209286494656292	0	0.208607009000135	0.209036921814705	0.2079469644669	0.209248321530851	0.9	0.9	0.9	0.209400665497611	0.209509950563995	0.208011009790959	0.244546130244891	0.210072608940978	0.213160431753683	0.210424906689175	0.209000638259555	0.211842280048289	0.207753451886186	0.210690017209161	0.209742916357409	0.209234960972062	0.210542037580666	0.212176692738257	0.209034342175822	0.209943597491784	0.208385539125882	0.209530497718409	0.210068650072643	0.208918368376324	0.210179917366391	0.207796598060467	0.211143661419164
GUT_GENOME264147	0.21601104407682	0.219488815109677	0.217162968474599	0.020992119967933	0.216661400687088	0.215056436679764	0.022752205930268	0.215279887133366	0.215604039213821	0.216075400500362	0.216664842874264	0.214839578303655	0.213720459098981	0.215660094301122	0.213731181548432	0.219000059687172	0.218726977180172	0.217620631720606	0.216742578562136	0.214751793130918	0.217979835388895	0.213286280668254	0.245716232787048	0.214896417188101	0.212843717560016	0.21270980114281	0.217143568085005	0.213921418938356	0.228428965446133	0.216490986565448	0.216119185010545	0.214636105258801	0.208607009000135	0	0.214673065489449	0.214271212806388	0.21676141061582	0.9	0.9	0.9	0.214255677157068	0.216633882488643	0.221835792764963	0.245855925782417	0.213535120026079	0.214984138831871	0.214467475215392	0.210997009676096	0.211340498129989	0.212327739756924	0.216191714921858	0.214176567738799	0.213149077452884	0.214435293662762	0.215483159431655	0.213567078077336	0.212311453083985	0.213735737092412	0.21375829444499	0.212956803182937	0.212846667934155	0.213604729064946	0.212798838885928	0.214147255778156
GUT_GENOME268176	0.012590571245364	0.0157728982248869	0.014161890800945	0.216900776960157	0.015141446233652	0.0145475963525681	0.215217428436313	0.0724247321515109	0.0725533834029601	0.0144245280553601	0.0775115668069751	0.075477163482422	0.01204217791529	0.07391378740216	0.0742602767696459	0.073351599888687	0.0740097905411559	0.0727882998222741	0.0144284867584361	0.0181368842720551	0.211453949916348	0.017948762568554	0.9	0.016054424718797	0.0774833247365881	0.018562246044857	0.0753094526274	0.0127649037274909	0.214445488625309	0.076927638981013	0.07718761635977	0.07441805981448	0.209036921814705	0.214673065489449	0	0.016444089833504	0.073591154971174	0.9	0.9	0.9	0.014744316269646	0.071812495566225	0.070954603177251	0.24817988562462	0.01241015236183	0.013383941283396	0.011984803673068	0.015392886777952	0.0148218888839141	0.075291852121894	0.075026082844805	0.012548747088881	0.075427791621974	0.015670909001998	0.036159779294571	0.077086332945381	0.075894403984049	0.077313217308798	0.01461246429539	0.0157094308871839	0.0782111153681559	0.0144905857333789	0.077268777241682	0.015376180880174
